4, [1, 1, 1, 1], relu
epoch: 0, loss: 0.2500191032886505
epoch: 1, loss: 0.2500108778476715
epoch: 2, loss: 0.2500108480453491
0 : 10000, 10000
0.1 : 10000, 10000
0.2 : 10000, 10000
0.3 : 10000, 10000
0.4 : 10000, 10000
0.5 : 10000, 10000
0.6 : 10000, 10000
0.7 : 10000, 10000
0.8 : 10000, 10000
0.9 : 10000, 10000
1 : 20000, 0
====================
4, [1, 1, 1, 3], relu
epoch: 0, loss: 0.25001874566078186
epoch: 1, loss: 0.2500053942203522
epoch: 2, loss: 0.25001269578933716
0 : 10000, 10000
0.1 : 10000, 10000
0.2 : 10000, 10000
0.3 : 10000, 10000
0.4 : 10000, 10000
0.5 : 10000, 10000
0.6 : 10000, 10000
0.7 : 10000, 10000
0.8 : 10000, 10000
0.9 : 10000, 10000
1 : 20000, 0
====================
4, [1, 1, 1, 5], relu
epoch: 0, loss: 0.25001004338264465
epoch: 1, loss: 0.2500152289867401
epoch: 2, loss: 0.2500121593475342
0 : 10000, 10000
0.1 : 10000, 10000
0.2 : 10000, 10000
0.3 : 10000, 10000
0.4 : 10000, 10000
0.5 : 10000, 10000
0.6 : 10000, 10000
0.7 : 10000, 10000
0.8 : 10000, 10000
0.9 : 10000, 10000
1 : 20000, 0
====================
4, [1, 1, 3, 1], relu
